function Serpent = LoadSerp()

Serpent = [0.0000      0.3     0.3     0.3
3.1710      0.3     0.3     0.3
3.1710      0.9     2.3     2.2
3.4877      0.9     2.3     2.2
3.4877      1.7     3.2     2.8
3.8290      1.7     3.2     2.8
3.8290      3.2     5.1     4.1
4.1980      3.2     5.1     4.1
4.1980      5.3     7.5     6.0
4.5960      5.3     7.5     6.0
4.5960      7.9     10.5    8.6
5.0250      7.9     10.5    8.6
5.0250      11.3    14.2    11.9
5.4880      11.3    14.2    11.9
5.4880      15.5    18.7    16.1
5.9880      15.5    18.7    16.1
5.9880      20.6    24.2    21.3
6.5280      20.6    24.2    21.3
6.5280      27.1    31.3    27.9
7.1100      27.1    31.3    27.9
7.1100      34.5    40.7    35.7
7.7380      34.5    40.7    35.7
7.7380      44.1    51.6    45.7
8.4160      44.1    51.6    45.7
8.4160      56.8    65.2    58.7
9.1477      56.8    65.2    58.7
9.1477      71.8    80.9    74.0
9.9377      71.8    80.9    74.0
9.9377      89.0    98.9    91.8
10.7897     89.0    98.9    91.8
10.7897     108.3   118.9   111.6
11.7087     108.3   118.9   111.6
11.7087     128.7   140.2   132.9
12.7013     128.7   140.2   132.9
12.7013     147.7   160.1   152.8
13.7713     147.7   160.1   152.8
13.7713     171.0   185.3   177.8
14.9283     171.0   185.3   177.8
14.9283     185.6   204.9   195.9
16.1763     185.6   204.9   195.9
16.1763     194.5   216.4   207.0
17.5223     194.5   216.4   207.0
17.5223     195.2   219.0   209.2
18.9737     195.2   219.0   209.2
18.9737     185.2   210.7   199.9
20.5407     185.2   210.7   199.9
20.5407     164.5   192.2   179.6
22.2297     164.5   192.2   179.6
22.2297     128.8   161.9   145.6
24.0543     128.8   161.9   145.6
24.0543     93.7    127.5   109.7
26.0262     93.7    127.5   109.7
26.0262     65.0    97.1    79.8
28.1507     65.0    97.1    79.8
28.1507     40.3    69.6    54.0
30.4441     40.3    69.6    54.0
30.4441     19.1    44.4    31.2
32.9133     19.1    44.4    31.2
32.9133     12.8    31.5    21.9
35.5837     12.8    31.5    21.9
35.5837     10.9    22.5    16.6
38.4711     10.9    22.5    16.6
38.4711     10.9    15.6    13.1
41.5934     10.9    15.6    13.1
41.5934     11.3    10.4    10.9
44.9487     11.3    10.4    10.9
44.9487     10.9    5.9     8.5
48.5613     10.9    5.9     8.5
48.5613     10.4    4.1     7.2
52.4660     10.4    4.1     7.2
52.4660     10.3    4.1     7.0
56.6802     10.3    4.1     7.0
56.6802     10.8    5.4     7.7
61.2318     10.8    5.4     7.7
61.2318     11.2    7.1     8.8
66.1428     11.2    7.1     8.8
66.1428     11.1    8.4     9.5
71.4467     11.1    8.4     9.5
71.4467     11.0    9.6     10.2
77.1703     11.0    9.6     10.2
77.1703     10.5    10.2    10.4
83.3408     10.5    10.2    10.4
83.3408     10.1    10.5    10.4
90.0000     10.1    10.5    10.4
90.0000     10.0    10.4    10.3
92.0791     10.0    10.4    10.3
92.0791     10.0    10.3    10.3
95.3465     10.0    10.3    10.3
95.3465     10.0    10.3    10.2
96.6210     10.0    10.3    10.2
96.6210     10.0    10.4    10.2
102.0061    10.0    10.4    10.2
102.0061    10.0    10.3    10.2
104.5220    10.0    10.3    10.2
104.5220    10.1    10.4    10.3
110.4630    10.1    10.4    10.3
110.4630    10.2    10.4    10.4
110.6053    10.2    10.4    10.4
110.6053    10.3    10.5    10.5
116.9419    10.3    10.5    10.5
116.9419    10.4    10.6    10.5
117.6734    10.4    10.6    10.5
117.6734    10.6    10.7    10.7
122.8528    10.6    10.7    10.7
122.8528    10.7    10.9    10.8
124.1637    10.7    10.9    10.8
124.1637    10.9    11.0    11.0
129.0195    10.9    11.0    11.0
129.0195    11.1    11.2    11.2
133.2408    11.1    11.2    11.2
133.2408    11.2    11.3    11.3
134.2819    11.2    11.3    11.3
134.2819    11.5    11.6    11.6
139.5652    11.5    11.6    11.6
139.5652    11.7    11.8    11.7
143.1857    11.7    11.8    11.7
143.1857    12.0    12.1    12.1
147.0193    12.0    12.1    12.1
147.0193    12.2    12.2    12.2
150.2968    12.2    12.2    12.2
150.2968    12.5    12.5    12.5
154.2211    12.5    12.5    12.5
154.2211    12.6    12.6    12.6
155.9288    12.6    12.6    12.6
155.9288    12.8    12.8    12.8
157.0721    12.8    12.8    12.8
157.0721    13.0    13.0    13.0
160.7375    13.0    13.0    13.0];

end